body:
  volume: 59.73429808473415
  waist: 81.77676554619602
  bust: 95.83406671798687
  underbust: 82.29488572470905
  hips: 99.57041316985786
  leg_circ: 48.92324313972621
  wrist: 15.212107447216304
  waist_back_width: 36.765320856091144
  back_width: 38.16377227371968
  hip_back_width: 48.663738711756224
  neck_w: 15.098693193737848
  waist_line: 37.019879063315656
  waist_over_bust_line: 47.43433146924697
  bust_line: 24.613787218015442
  arm_length: 46.38121951871459
  height: 149.48967695236206
  head_l: 21.572665870189667
  shoulder_w: 29.311755299568176
  armscye_depth: 18.617400281324542
  bust_points: 16.775138676166534
  hips_line: 16.539186239242554
  bum_points: 14.61208313703537
  crotch_hip_diff: 7.685783505439758
  vert_bust_line: 19.089357554912567
  hip_inclination: 0
  shoulder_incl: 12.520101547241211
  arm_pose_angle: 7
  gender: female
  hash: '-1077843651283652957'
  model_name: female_00018
